59.0
56.0
75.66666666666667
33.666666666666664
76.0
54.0
59.333333333333336
77.66666666666667
47.333333333333336
72.0
62.333333333333336
49.666666666666664
52.333333333333336
66.33333333333333
61.666666666666664
49.0
66.66666666666667
64.0
64.0
63.333333333333336
60.666666666666664
53.0
65.0
83.66666666666667
62.0
79.0
70.0
56.0
33.666666666666664
45.666666666666664
48.333333333333336
63.666666666666664
53.0
50.333333333333336
72.66666666666667
54.333333333333336
54.333333333333336
63.666666666666664
58.0
41.333333333333336
45.333333333333336
72.0
45.333333333333336
79.0
51.666666666666664
74.33333333333333
55.333333333333336
48.666666666666664
66.0
70.0
43.333333333333336
63.0
62.333333333333336
51.333333333333336
55.333333333333336
46.666666666666664
50.333333333333336
27.333333333333332
56.0
85.0
30.666666666666668
52.333333333333336
89.66666666666667
61.666666666666664
68.66666666666667
55.0
56.333333333333336
87.33333333333333
56.333333333333336
87.0
60.666666666666664
50.0
57.0
75.66666666666667
76.66666666666667
71.0
53.0
47.666666666666664
60.666666666666664
80.66666666666667
68.66666666666667
55.333333333333336
68.33333333333333
69.0
68.66666666666667
56.333333333333336
64.0
57.666666666666664
62.666666666666664
53.666666666666664
64.33333333333333
50.333333333333336
56.0
51.666666666666664
59.333333333333336
76.66666666666667
66.66666666666667
55.0
48.666666666666664
46.333333333333336
73.33333333333333
55.524752475247524 62.98019801980198 62.00990099009901 